40
1.01126 6.13841 16.4946 25.6739 -1.40157 0.178327 -0.718325
9.06342 -0.353435 -16.4549 -27.0288 -0.456453 -1.80028 0.0789284
3.73587 22.9606 14.8562 -12.4058 0.0209041 0.0358041 1.14656
5.01111 0.846047 0.0248279 -30.2263 -1.3171 -0.265402 0.305501
6.41571 13.6693 23.5263 15.2969 -0.154748 0.207155 -1.42755
6.46899 10.2204 -29.8013 1.96891 0.701052 -0.692767 0.850676
9.60284 -13.3541 -3.36952 -28.7198 0.0564853 0.610698 1.32721
2.88635 0.177978 -0.266805 31.5576 -1.44236 -1.21601 -0.663006
3.39584 1.22308 -1.9241 -30.5095 0.975858 0.64208 0.726918
1.50592 19.9629 -11.1778 -19.4318 -0.894061 -0.550904 0.719308
8.53827 -18.8281 1.78881 -25.1315 -1.69466 0.340467 -0.2297
9.54214 23.3034 18.8569 9.63923 -0.122919 -1.29907 0.464917
6.15149 11.5743 16.2614 -23.3556 0.463977 -1.34533 0.0764781
9.90964 -9.01026 13.16 -27.1675 -0.32819 0.0167538 -1.62438
7.29764 2.93857 3.91337 30.621 0.776386 -0.526988 0.650148
3.72736 2.92213 1.38343 30.6832 0.361729 0.519731 1.55951
8.3949 5.95264 15.414 -26.423 -0.842778 0.132125 -1.60449
5.53516 -20.0783 13.5387 -20.0885 -0.449782 -0.99151 1.12938
7.49704 20.2728 19.7736 -12.4882 1.78768 0.400717 0.0979272
6.96667 3.87186 2.99069 30.462 -1.61908 -0.520792 -0.89384
5.24539 14.7624 -21.1585 -16.7316 -0.0106898 0.0772633 1.45399
3.68011 -16.5803 -7.4563 -25.6979 0.890195 -1.41416 -0.556652
5.50797 0.531264 0.0926029 31.7757 1.48683 0.488337 0.154439
2.74655 -19.4984 -19.9294 15.0544 0.247588 -0.37882 -1.10907
1.98932 -2.2714 5.33547 30.9476 -0.283082 0.469839 -1.16323
7.59756 -7.85872 -29.0689 9.80711 -0.0130723 0.765934 -1.5703
1.01456 4.65425 -12.6248 26.9497 0.892428 0.792787 0.201356
1.12827 -20.3645 5.9861 21.5211 -0.373514 -0.104523 -1.64091
4.93036 -7.97414 -22.6831 -18.6088 0.153641 1.38543 0.347881
5.79306 16.7161 26.4089 0.404551 -0.153676 -0.433157 1.90845
2.70947 0.203459 0.420951 30.6683 0.439451 -0.0055617 -1.38959
6.62637 -5.96019 2.45942 29.4922 0.653294 -0.509432 -0.642569
3.04565 -15.8288 9.9471 -25.3999 -1.27697 -0.979333 -0.246602
5.19705 -9.10865 -10.2932 28.0045 -0.995601 -0.992551 1.16962
6.09161 9.0533 20.6587 20.9006 0.88908 -0.60373 -1.12402
2.70041 -9.57761 -28.5501 8.19699 -0.337422 0.0117802 -1.30843
7.6665 -18.741 -17.6792 17.6398 1.03848 1.41265 0.42687
8.80936 -18.0527 -15.8522 20.869 -0.0380149 -0.0668961 1.04037
3.83502 -5.55867 15.1947 -26.6049 0.339717 -0.366262 0.989611
7.69864 -3.47412 6.62129 -29.3729 -0.365063 -0.446749 0.908961
